	1	1.3998
	2	1.32128
	3	0.637002
	4	0.867929
	5	1.83975
	6	2.1412
	7	1.96685
	8	1.49599
	9	1.51888
	10	2.03798
	11	2.08614
	12	2.18379
	13	1.88922
	14	1.29912
	15	1.84751
	16	1.24248
	17	1.34545
	18	3.2296
	19	4.39816
	20	0.672706
	21	1.10294
	22	1.80012
	23	1.03248
	24	0.815111
	25	0.169777
	26	0.692718
	27	0.664776
	28	1.05307
	29	1.21699
	30	2.62309
	31	3.18108
	32	5.07723
	33	4.88206
	34	5.15883
	35	6.53973
	36	7.79652
	37	8.70037
	38	9.72518
	39	11.6172
	40	11.9028
	41	12.255
	42	13.16
	43	11.8925
	44	11.6958
	45	8.3077
	46	10.0485
	47	12.4278
	48	12.7204
	49	11.7062
	50	15.4032
	51	17.2486
	52	13.1564
	53	12.5238
	54	18.1085
	55	18.1345
	56	16.2175
	57	15.3129
	58	9.88727
	59	6.97678
	60	5.97163
	61	3.50594
	62	5.75191
	63	6.4492
	64	4.21929
	65	3.8152
	66	4.80488
	67	4.74225
	68	3.05989
	69	4.67958
	70	4.31857
	71	2.61034
	72	2.54618
	73	2.70917
	74	1.98858
	75	2.0772
	76	0.887491
	77	0.979605
	78	2.79834
	79	2.24406
	80	0.551903
	81	1.48742
	82	1.31595
	83	1.79615
	84	1.56052
	85	0.534308
	86	1.67002
	87	0.811213
	88	3.95079
	89	1.54765
	90	1.88539
	91	1.60233
	92	1.87071
	93	0.934354
	94	2.02043
	95	1.58909
	96	1.2641
	97	1.29172
	98	2.73274
	99	0.59224
	100	0.62752
	101	0.757408
	102	2.88985
	103	0.949489
	104	0.819189
	105	1.75884
	106	1.10871
	107	1.06337
	108	1.82481
	109	2.71984
	110	1.74745
	111	1.31295
	112	0.572343
	113	0.500674
	114	2.07683
	115	1.96832
	116	1.57651
	117	3.64774
	118	4.42778
	119	2.8329
	120	4.39171
	121	6.49896
	122	8.49128
	123	8.48096
	124	12.6387
	125	13.9415
	126	19.3187
	127	17.8767
	128	20.9078
	129	19.6764
	130	16.3509
	131	18.6759
	132	12.6352
	133	14.5582
	134	8.27342
	135	10.7886
	136	7.94416
	137	5.49581
	138	11.3698
	139	12.969
	140	16.3435
	141	19.1813
	142	20.5108
	143	16.9692
	144	18.8401
	145	21.5017
	146	20.8439
	147	20.9896
	148	23.7001
	149	24.6952
	150	24.2106
	151	23.5054
	152	20.8937
	153	17.1729
	154	15.2186
	155	11.9332
	156	9.40797
	157	11.3123
	158	5.61255
	159	6.40317
	160	6.27899
	161	4.78899
	162	4.25795
	163	4.30539
	164	3.07509
	165	5.50847
	166	3.58634
	167	2.837
	168	1.17518
	169	2.56992
	170	1.86476
	171	1.38296
	172	1.50152
	173	1.49345
	174	2.6342
	175	2.01862
	176	2.32532
	177	1.73889
	178	1.71657
	179	1.47253
	180	0.607335
	181	1.01229
	182	0.457122
	183	0.379708
	184	1.80117
	185	0.769337
	186	0.566729
	187	0.916524
	188	0.861749
	189	0.783464
	190	0.685171
	191	0.950275
	192	2.72871
	193	1.79829
	194	1.12874
	195	1.72423
	196	1.93131
	197	0.881037
	198	0.819642
	199	0.446823
	200	0.453753
	201	1.38073
	202	1.19336
	203	1.37993
	204	2.20566
	205	0.748897
	206	2.00378
	207	0.849525
	208	0.601661
	209	0.862026
	210	2.22058
	211	2.06895
	212	0.830039
	213	0.754909
	214	2.74679
